{"acts-geometry-hierarchy-map": {"format-version": 0, "value-identifier": "surfaces"}, "entries": [{"extra": 1, "layer": 4, "sensitive": 1, "value": {"bounds": {"type": "TrapezoidBounds", "values": [8.5, 14.500000000000002, 34.0, 0.0]}, "geo_id": 1152921779484754177, "transform": {"rotation": [6.123233995736766e-17, 1.0, 0.0, -1.0, 6.123233995736766e-17, 0.0, 0.0, 0.0, 1.0], "translation": [76.0, -1.8369701987210294e-17, -1515.6]}, "type": "PlaneSurface"}, "volume": 16}, {"extra": 1, "layer": 4, "sensitive": 2, "value": {"bounds": {"type": "TrapezoidBounds", "values": [8.5, 14.500000000000002, 34.0, 0.0]}, "geo_id": 1152921779484754433, "transform": {"rotation": [0.25881904510252074, 0.9659258262890683, 0.0, -0.9659258262890683, 0.2588190451025207, 0.0, 0.0, 0.0, 1.0], "translation": [73.4103627979692, 19.67024742779158, -1516.8000000000002]}, "type": "PlaneSurface"}, "volume": 16}, {"extra": 1, "layer": 4, "sensitive": 3, "value": {"bounds": {"type": "TrapezoidBounds", "values": [8.5, 14.500000000000002, 34.0, 0.0]}, "geo_id": 1152921779484754689, "transform": {"rotation": [0.5000000000000002, -0.8660254037844384, 0.0, 0.8660254037844384, 0.5000000000000002, 0.0, 0.0, 0.0, 1.0], "translation": [-65.81793068761732, 38.00000000000003, -1515.6]}, "type": "PlaneSurface"}, "volume": 16}, {"extra": 1, "layer": 4, "sensitive": 4, "value": {"bounds": {"type": "TrapezoidBounds", "values": [8.5, 14.500000000000002, 34.0, 0.0]}, "geo_id": 1152921779484754945, "transform": {"rotation": [0.258819045102521, -0.9659258262890682, 0.0, 0.9659258262890683, 0.258819045102521, 0.0, 0.0, 0.0, 1.0], "translation": [-73.41036279796919, 19.670247427791598, -1516.8000000000002]}, "type": "PlaneSurface"}, "volume": 16}, {"extra": 1, "layer": 4, "sensitive": 5, "value": {"bounds": {"type": "TrapezoidBounds", "values": [8.5, 14.500000000000002, 34.0, 0.0]}, "geo_id": 1152921779484755201, "transform": {"rotation": [6.123233995736766e-17, -1.0, 0.0, 1.0, 6.123233995736766e-17, 0.0, 0.0, 0.0, 1.0], "translation": [-76.0, 9.288945971532676e-15, -1515.6]}, "type": "PlaneSurface"}, "volume": 16}, {"extra": 1, "layer": 4, "sensitive": 6, "value": {"bounds": {"type": "TrapezoidBounds", "values": [8.5, 14.500000000000002, 34.0, 0.0]}, "geo_id": 1152921779484755457, "transform": {"rotation": [-0.2588190451025204, -0.9659258262890683, 0.0, 0.9659258262890683, -0.2588190451025204, 0.0, 0.0, 0.0, 1.0], "translation": [-73.41036279796921, -19.670247427791548, -1516.8000000000002]}, "type": "PlaneSurface"}, "volume": 16}, {"extra": 1, "layer": 4, "sensitive": 7, "value": {"bounds": {"type": "TrapezoidBounds", "values": [8.5, 14.500000000000002, 34.0, 0.0]}, "geo_id": 1152921779484755713, "transform": {"rotation": [-0.4999999999999999, -0.8660254037844388, 0.0, 0.8660254037844388, -0.4999999999999999, 0.0, 0.0, 0.0, 1.0], "translation": [-65.81793068761735, -37.999999999999986, -1515.6]}, "type": "PlaneSurface"}, "volume": 16}, {"extra": 1, "layer": 4, "sensitive": 8, "value": {"bounds": {"type": "TrapezoidBounds", "values": [8.5, 14.500000000000002, 34.0, 0.0]}, "geo_id": 1152921779484755969, "transform": {"rotation": [-0.707106781186547, -0.7071067811865477, 0.0, 0.7071067811865478, -0.707106781186547, 0.0, 0.0, 0.0, 1.0], "translation": [-53.74011537017765, -53.740115370177584, -1516.8000000000002]}, "type": "PlaneSurface"}, "volume": 16}, {"extra": 1, "layer": 4, "sensitive": 9, "value": {"bounds": {"type": "TrapezoidBounds", "values": [8.5, 14.500000000000002, 34.0, 0.0]}, "geo_id": 1152921779484756225, "transform": {"rotation": [-0.8660254037844384, -0.5000000000000002, 0.0, 0.5000000000000002, -0.8660254037844384, 0.0, 0.0, 0.0, 1.0], "translation": [-38.000000000000036, -65.81793068761732, -1515.6]}, "type": "PlaneSurface"}, "volume": 16}, {"extra": 1, "layer": 4, "sensitive": 10, "value": {"bounds": {"type": "TrapezoidBounds", "values": [8.5, 14.500000000000002, 34.0, 0.0]}, "geo_id": 1152921779484756481, "transform": {"rotation": [-0.965925826289068, -0.2588190451025214, 0.0, 0.2588190451025214, -0.965925826289068, 0.0, 0.0, 0.0, 1.0], "translation": [-19.670247427791637, -73.41036279796919, -1516.8000000000002]}, "type": "PlaneSurface"}, "volume": 16}, {"extra": 1, "layer": 4, "sensitive": 11, "value": {"bounds": {"type": "TrapezoidBounds", "values": [8.5, 14.500000000000002, 34.0, 0.0]}, "geo_id": 1152921779484756737, "transform": {"rotation": [-1.0, 0.0, 0.0, 0.0, -1.0, 0.0, 0.0, 0.0, 1.0], "translation": [-1.3960973510279826e-14, -76.0, -1515.6]}, "type": "PlaneSurface"}, "volume": 16}, {"extra": 1, "layer": 4, "sensitive": 12, "value": {"bounds": {"type": "TrapezoidBounds", "values": [8.5, 14.500000000000002, 34.0, 0.0]}, "geo_id": 1152921779484756993, "transform": {"rotation": [-0.9659258262890682, 0.25881904510252046, 0.0, -0.25881904510252046, -0.9659258262890682, 0.0, 0.0, 0.0, 1.0], "translation": [19.670247427791544, -73.41036279796921, -1516.8000000000002]}, "type": "PlaneSurface"}, "volume": 16}, {"extra": 1, "layer": 4, "sensitive": 13, "value": {"bounds": {"type": "TrapezoidBounds", "values": [8.5, 14.500000000000002, 34.0, 0.0]}, "geo_id": 1152921779484757249, "transform": {"rotation": [0.4999999999999997, 0.8660254037844384, 0.0, -0.8660254037844385, 0.4999999999999998, 0.0, 0.0, 0.0, 1.0], "translation": [65.81793068761735, 38.0, -1515.6]}, "type": "PlaneSurface"}, "volume": 16}, {"extra": 1, "layer": 4, "sensitive": 14, "value": {"bounds": {"type": "TrapezoidBounds", "values": [8.5, 14.500000000000002, 34.0, 0.0]}, "geo_id": 1152921779484757505, "transform": {"rotation": [-0.8660254037844387, 0.4999999999999994, 0.0, -0.49999999999999944, -0.8660254037844388, 0.0, 0.0, 0.0, 1.0], "translation": [37.99999999999996, -65.81793068761738, -1515.6]}, "type": "PlaneSurface"}, "volume": 16}, {"extra": 1, "layer": 4, "sensitive": 15, "value": {"bounds": {"type": "TrapezoidBounds", "values": [8.5, 14.500000000000002, 34.0, 0.0]}, "geo_id": 1152921779484757761, "transform": {"rotation": [-0.7071067811865474, 0.7071067811865475, 0.0, -0.7071067811865475, -0.7071067811865472, 0.0, 0.0, 0.0, 1.0], "translation": [53.740115370177605, -53.740115370177634, -1516.8000000000002]}, "type": "PlaneSurface"}, "volume": 16}, {"extra": 1, "layer": 4, "sensitive": 16, "value": {"bounds": {"type": "TrapezoidBounds", "values": [8.5, 14.500000000000002, 34.0, 0.0]}, "geo_id": 1152921779484758017, "transform": {"rotation": [-0.5000000000000002, 0.8660254037844385, 0.0, -0.8660254037844385, -0.5000000000000002, 0.0, 0.0, 0.0, 1.0], "translation": [65.81793068761732, -38.000000000000036, -1515.6]}, "type": "PlaneSurface"}, "volume": 16}, {"extra": 1, "layer": 4, "sensitive": 17, "value": {"bounds": {"type": "TrapezoidBounds", "values": [8.5, 14.500000000000002, 34.0, 0.0]}, "geo_id": 1152921779484758273, "transform": {"rotation": [-0.258819045102521, 0.965925826289068, 0.0, -0.965925826289068, -0.25881904510252096, 0.0, 0.0, 0.0, 1.0], "translation": [73.41036279796919, -19.67024742779164, -1516.8000000000002]}, "type": "PlaneSurface"}, "volume": 16}, {"extra": 1, "layer": 4, "sensitive": 18, "value": {"bounds": {"type": "TrapezoidBounds", "values": [8.5, 14.500000000000002, 34.0, 0.0]}, "geo_id": 1152921779484758529, "transform": {"rotation": [0.7071067811865476, 0.7071067811865474, 0.0, -0.7071067811865474, 0.7071067811865476, 0.0, 0.0, 0.0, 1.0], "translation": [53.74011537017762, 53.74011537017761, -1516.8000000000002]}, "type": "PlaneSurface"}, "volume": 16}, {"extra": 1, "layer": 4, "sensitive": 19, "value": {"bounds": {"type": "TrapezoidBounds", "values": [8.5, 14.500000000000002, 34.0, 0.0]}, "geo_id": 1152921779484758785, "transform": {"rotation": [0.8660254037844386, 0.5, 0.0, -0.5, 0.8660254037844386, 0.0, 0.0, 0.0, 1.0], "translation": [38.000000000000014, 65.81793068761733, -1515.6]}, "type": "PlaneSurface"}, "volume": 16}, {"extra": 1, "layer": 4, "sensitive": 20, "value": {"bounds": {"type": "TrapezoidBounds", "values": [8.5, 14.500000000000002, 34.0, 0.0]}, "geo_id": 1152921779484759041, "transform": {"rotation": [0.965925826289068, 0.25881904510252085, 0.0, -0.2588190451025209, 0.9659258262890681, 0.0, 0.0, 0.0, 1.0], "translation": [19.670247427791594, 73.41036279796919, -1516.8000000000002]}, "type": "PlaneSurface"}, "volume": 16}, {"extra": 1, "layer": 4, "sensitive": 21, "value": {"bounds": {"type": "TrapezoidBounds", "values": [8.5, 14.500000000000002, 34.0, 0.0]}, "geo_id": 1152921779484759297, "transform": {"rotation": null, "translation": [4.653657836759943e-15, 76.0, -1515.6]}, "type": "PlaneSurface"}, "volume": 16}, {"extra": 1, "layer": 4, "sensitive": 22, "value": {"bounds": {"type": "TrapezoidBounds", "values": [8.5, 14.500000000000002, 34.0, 0.0]}, "geo_id": 1152921779484759553, "transform": {"rotation": [0.9659258262890681, -0.25881904510252063, 0.0, 0.25881904510252063, 0.9659258262890681, 0.0, 0.0, 0.0, 1.0], "translation": [-19.67024742779157, 73.4103627979692, -1516.8000000000002]}, "type": "PlaneSurface"}, "volume": 16}, {"extra": 1, "layer": 4, "sensitive": 23, "value": {"bounds": {"type": "TrapezoidBounds", "values": [8.5, 14.500000000000002, 34.0, 0.0]}, "geo_id": 1152921779484759809, "transform": {"rotation": [0.8660254037844387, -0.4999999999999999, 0.0, 0.4999999999999999, 0.8660254037844387, 0.0, 0.0, 0.0, 1.0], "translation": [-37.999999999999986, 65.81793068761735, -1515.6]}, "type": "PlaneSurface"}, "volume": 16}, {"extra": 1, "layer": 4, "sensitive": 24, "value": {"bounds": {"type": "TrapezoidBounds", "values": [8.5, 14.500000000000002, 34.0, 0.0]}, "geo_id": 1152921779484760065, "transform": {"rotation": [0.7071067811865476, -0.7071067811865474, 0.0, 0.7071067811865474, 0.7071067811865476, 0.0, 0.0, 0.0, 1.0], "translation": [-53.74011537017761, 53.74011537017762, -1516.8000000000002]}, "type": "PlaneSurface"}, "volume": 16}, {"extra": 2, "layer": 4, "sensitive": 25, "value": {"bounds": {"type": "TrapezoidBounds", "values": [10.5, 16.5, 34.0, 0.0]}, "geo_id": 1152921779484760322, "transform": {"rotation": [6.123233995736766e-17, 1.0, 0.0, -1.0, 6.123233995736766e-17, 0.0, 0.0, 0.0, 1.0], "translation": [139.0, -3.245314017740486e-16, -1522.6]}, "type": "PlaneSurface"}, "volume": 16}, {"extra": 2, "layer": 4, "sensitive": 26, "value": {"bounds": {"type": "TrapezoidBounds", "values": [10.5, 16.5, 34.0, 0.0]}, "geo_id": 1152921779484760578, "transform": {"rotation": [0.17364817766693044, 0.984807753012208, 0.0, -0.984807753012208, 0.17364817766693044, 0.0, 0.0, 0.0, 1.0], "translation": [136.8882776686969, 24.13709669570332, -1523.8]}, "type": "PlaneSurface"}, "volume": 16}, {"extra": 2, "layer": 4, "sensitive": 27, "value": {"bounds": {"type": "TrapezoidBounds", "values": [10.5, 16.5, 34.0, 0.0]}, "geo_id": 1152921779484760834, "transform": {"rotation": [0.9848077530122079, -0.17364817766693033, 0.0, 0.17364817766693036, 0.9848077530122079, 0.0, 0.0, 0.0, 1.0], "translation": [-24.137096695703313, 136.8882776686969, -1522.6]}, "type": "PlaneSurface"}, "volume": 16}, {"extra": 2, "layer": 4, "sensitive": 28, "value": {"bounds": {"type": "TrapezoidBounds", "values": [10.5, 16.5, 34.0, 0.0]}, "geo_id": 1152921779484761090, "transform": {"rotation": [0.9396926207859082, -0.3420201433256687, 0.0, 0.3420201433256687, 0.9396926207859081, 0.0, 0.0, 0.0, 1.0], "translation": [-47.54079992226795, 130.61727428924127, -1523.8]}, "type": "PlaneSurface"}, "volume": 16}, {"extra": 2, "layer": 4, "sensitive": 29, "value": {"bounds": {"type": "TrapezoidBounds", "values": [10.5, 16.5, 34.0, 0.0]}, "geo_id": 1152921779484761346, "transform": {"rotation": [0.8660254037844387, -0.4999999999999999, 0.0, 0.4999999999999999, 0.8660254037844387, 0.0, 0.0, 0.0, 1.0], "translation": [-69.49999999999997, 120.37753112603698, -1522.6]}, "type": "PlaneSurface"}, "volume": 16}, {"extra": 2, "layer": 4, "sensitive": 30, "value": {"bounds": {"type": "TrapezoidBounds", "values": [10.5, 16.5, 34.0, 0.0]}, "geo_id": 1152921779484761602, "transform": {"rotation": [0.7660444431189779, -0.6427876096865393, 0.0, 0.6427876096865393, 0.7660444431189779, 0.0, 0.0, 0.0, 1.0], "translation": [-89.34747774642898, 106.48017759353793, -1523.8]}, "type": "PlaneSurface"}, "volume": 16}, {"extra": 2, "layer": 4, "sensitive": 31, "value": {"bounds": {"type": "TrapezoidBounds", "values": [10.5, 16.5, 34.0, 0.0]}, "geo_id": 1152921779484761858, "transform": {"rotation": [0.6427876096865394, -0.7660444431189778, 0.0, 0.7660444431189778, 0.6427876096865394, 0.0, 0.0, 0.0, 1.0], "translation": [-106.48017759353793, 89.34747774642899, -1522.6]}, "type": "PlaneSurface"}, "volume": 16}, {"extra": 2, "layer": 4, "sensitive": 32, "value": {"bounds": {"type": "TrapezoidBounds", "values": [10.5, 16.5, 34.0, 0.0]}, "geo_id": 1152921779484762114, "transform": {"rotation": [0.4999999999999997, -0.8660254037844384, 0.0, 0.8660254037844385, 0.4999999999999998, 0.0, 0.0, 0.0, 1.0], "translation": [-120.37753112603698, 69.5, -1523.8]}, "type": "PlaneSurface"}, "volume": 16}, {"extra": 2, "layer": 4, "sensitive": 33, "value": {"bounds": {"type": "TrapezoidBounds", "values": [10.5, 16.5, 34.0, 0.0]}, "geo_id": 1152921779484762370, "transform": {"rotation": [0.3420201433256688, -0.9396926207859083, 0.0, 0.9396926207859083, 0.3420201433256688, 0.0, 0.0, 0.0, 1.0], "translation": [-130.61727428924127, 47.54079992226798, -1522.6]}, "type": "PlaneSurface"}, "volume": 16}, {"extra": 2, "layer": 4, "sensitive": 34, "value": {"bounds": {"type": "TrapezoidBounds", "values": [10.5, 16.5, 34.0, 0.0]}, "geo_id": 1152921779484762626, "transform": {"rotation": [0.1736481776669306, -0.984807753012208, 0.0, 0.984807753012208, 0.17364817766693064, 0.0, 0.0, 0.0, 1.0], "translation": [-136.8882776686969, 24.13709669570337, -1523.8]}, "type": "PlaneSurface"}, "volume": 16}, {"extra": 2, "layer": 4, "sensitive": 35, "value": {"bounds": {"type": "TrapezoidBounds", "values": [10.5, 16.5, 34.0, 0.0]}, "geo_id": 1152921779484762882, "transform": {"rotation": [6.123233995736766e-17, -1.0, 0.0, 1.0, 6.123233995736766e-17, 0.0, 0.0, 0.0, 1.0], "translation": [-139.0, 1.731038250594784e-14, -1522.6]}, "type": "PlaneSurface"}, "volume": 16}, {"extra": 2, "layer": 4, "sensitive": 36, "value": {"bounds": {"type": "TrapezoidBounds", "values": [10.5, 16.5, 34.0, 0.0]}, "geo_id": 1152921779484763138, "transform": {"rotation": [-0.17364817766692997, -0.984807753012208, 0.0, 0.984807753012208, -0.17364817766692997, 0.0, 0.0, 0.0, 1.0], "translation": [-136.88827766869693, -24.137096695703274, -1523.8]}, "type": "PlaneSurface"}, "volume": 16}, {"extra": 2, "layer": 4, "sensitive": 37, "value": {"bounds": {"type": "TrapezoidBounds", "values": [10.5, 16.5, 34.0, 0.0]}, "geo_id": 1152921779484763394, "transform": {"rotation": [0.3420201433256688, 0.9396926207859083, 0.0, -0.9396926207859083, 0.3420201433256688, 0.0, 0.0, 0.0, 1.0], "translation": [130.61727428924127, 47.54079992226795, -1522.6]}, "type": "PlaneSurface"}, "volume": 16}, {"extra": 2, "layer": 4, "sensitive": 38, "value": {"bounds": {"type": "TrapezoidBounds", "values": [10.5, 16.5, 34.0, 0.0]}, "geo_id": 1152921779484763650, "transform": {"rotation": [-0.3420201433256687, -0.9396926207859082, 0.0, 0.9396926207859082, -0.34202014332566866, 0.0, 0.0, 0.0, 1.0], "translation": [-130.61727428924127, -47.54079992226794, -1522.6]}, "type": "PlaneSurface"}, "volume": 16}, {"extra": 2, "layer": 4, "sensitive": 39, "value": {"bounds": {"type": "TrapezoidBounds", "values": [10.5, 16.5, 34.0, 0.0]}, "geo_id": 1152921779484763906, "transform": {"rotation": [-0.4999999999999999, -0.8660254037844388, 0.0, 0.8660254037844388, -0.4999999999999999, 0.0, 0.0, 0.0, 1.0], "translation": [-120.37753112603701, -69.49999999999997, -1523.8]}, "type": "PlaneSurface"}, "volume": 16}, {"extra": 2, "layer": 4, "sensitive": 40, "value": {"bounds": {"type": "TrapezoidBounds", "values": [10.5, 16.5, 34.0, 0.0]}, "geo_id": 1152921779484764162, "transform": {"rotation": [-0.6427876096865393, -0.7660444431189779, 0.0, 0.766044443118978, -0.6427876096865393, 0.0, 0.0, 0.0, 1.0], "translation": [-106.48017759353793, -89.34747774642895, -1522.6]}, "type": "PlaneSurface"}, "volume": 16}, {"extra": 2, "layer": 4, "sensitive": 41, "value": {"bounds": {"type": "TrapezoidBounds", "values": [10.5, 16.5, 34.0, 0.0]}, "geo_id": 1152921779484764418, "transform": {"rotation": [-0.7660444431189778, -0.6427876096865394, 0.0, 0.6427876096865394, -0.7660444431189779, 0.0, 0.0, 0.0, 1.0], "translation": [-89.34747774642899, -106.48017759353793, -1523.8]}, "type": "PlaneSurface"}, "volume": 16}, {"extra": 2, "layer": 4, "sensitive": 42, "value": {"bounds": {"type": "TrapezoidBounds", "values": [10.5, 16.5, 34.0, 0.0]}, "geo_id": 1152921779484764674, "transform": {"rotation": [-0.8660254037844384, -0.5000000000000002, 0.0, 0.5000000000000002, -0.8660254037844384, 0.0, 0.0, 0.0, 1.0], "translation": [-69.50000000000006, -120.37753112603694, -1522.6]}, "type": "PlaneSurface"}, "volume": 16}, {"extra": 2, "layer": 4, "sensitive": 43, "value": {"bounds": {"type": "TrapezoidBounds", "values": [10.5, 16.5, 34.0, 0.0]}, "geo_id": 1152921779484764930, "transform": {"rotation": [-0.9396926207859081, -0.34202014332566927, 0.0, 0.34202014332566927, -0.9396926207859081, 0.0, 0.0, 0.0, 1.0], "translation": [-47.54079992226805, -130.61727428924124, -1523.8]}, "type": "PlaneSurface"}, "volume": 16}, {"extra": 2, "layer": 4, "sensitive": 44, "value": {"bounds": {"type": "TrapezoidBounds", "values": [10.5, 16.5, 34.0, 0.0]}, "geo_id": 1152921779484765186, "transform": {"rotation": [-0.984807753012208, -0.17364817766693025, 0.0, 0.17364817766693022, -0.9848077530122079, 0.0, 0.0, 0.0, 1.0], "translation": [-24.13709669570332, -136.8882776686969, -1522.6]}, "type": "PlaneSurface"}, "volume": 16}, {"extra": 2, "layer": 4, "sensitive": 45, "value": {"bounds": {"type": "TrapezoidBounds", "values": [10.5, 16.5, 34.0, 0.0]}, "geo_id": 1152921779484765442, "transform": {"rotation": [-1.0, 0.0, 0.0, 0.0, -1.0, 0.0, 0.0, 0.0, 1.0], "translation": [-2.7064694261156506e-14, -139.0, -1523.8]}, "type": "PlaneSurface"}, "volume": 16}, {"extra": 2, "layer": 4, "sensitive": 46, "value": {"bounds": {"type": "TrapezoidBounds", "values": [10.5, 16.5, 34.0, 0.0]}, "geo_id": 1152921779484765698, "transform": {"rotation": [-0.9848077530122078, 0.17364817766693072, 0.0, -0.17364817766693066, -0.9848077530122078, 0.0, 0.0, 0.0, 1.0], "translation": [24.137096695703264, -136.88827766869693, -1522.6]}, "type": "PlaneSurface"}, "volume": 16}, {"extra": 2, "layer": 4, "sensitive": 47, "value": {"bounds": {"type": "TrapezoidBounds", "values": [10.5, 16.5, 34.0, 0.0]}, "geo_id": 1152921779484765954, "transform": {"rotation": [-0.9396926207859083, 0.3420201433256685, 0.0, -0.3420201433256685, -0.9396926207859084, 0.0, 0.0, 0.0, 1.0], "translation": [47.540799922267865, -130.6172742892413, -1523.8]}, "type": "PlaneSurface"}, "volume": 16}, {"extra": 2, "layer": 4, "sensitive": 48, "value": {"bounds": {"type": "TrapezoidBounds", "values": [10.5, 16.5, 34.0, 0.0]}, "geo_id": 1152921779484766210, "transform": {"rotation": [0.4999999999999997, 0.8660254037844384, 0.0, -0.8660254037844385, 0.4999999999999998, 0.0, 0.0, 0.0, 1.0], "translation": [120.37753112603698, 69.5, -1523.8]}, "type": "PlaneSurface"}, "volume": 16}, {"extra": 2, "layer": 4, "sensitive": 49, "value": {"bounds": {"type": "TrapezoidBounds", "values": [10.5, 16.5, 34.0, 0.0]}, "geo_id": 1152921779484766466, "transform": {"rotation": [-0.8660254037844384, 0.5000000000000002, 0.0, -0.5000000000000002, -0.8660254037844384, 0.0, 0.0, 0.0, 1.0], "translation": [69.50000000000001, -120.37753112603697, -1522.6]}, "type": "PlaneSurface"}, "volume": 16}, {"extra": 2, "layer": 4, "sensitive": 50, "value": {"bounds": {"type": "TrapezoidBounds", "values": [10.5, 16.5, 34.0, 0.0]}, "geo_id": 1152921779484766722, "transform": {"rotation": [-0.7660444431189778, 0.6427876096865394, 0.0, -0.6427876096865394, -0.7660444431189779, 0.0, 0.0, 0.0, 1.0], "translation": [89.34747774642895, -106.48017759353795, -1523.8]}, "type": "PlaneSurface"}, "volume": 16}, {"extra": 2, "layer": 4, "sensitive": 51, "value": {"bounds": {"type": "TrapezoidBounds", "values": [10.5, 16.5, 34.0, 0.0]}, "geo_id": 1152921779484766978, "transform": {"rotation": [-0.6427876096865393, 0.7660444431189779, 0.0, -0.766044443118978, -0.6427876096865393, 0.0, 0.0, 0.0, 1.0], "translation": [106.48017759353792, -89.347477746429, -1522.6]}, "type": "PlaneSurface"}, "volume": 16}, {"extra": 2, "layer": 4, "sensitive": 52, "value": {"bounds": {"type": "TrapezoidBounds", "values": [10.5, 16.5, 34.0, 0.0]}, "geo_id": 1152921779484767234, "transform": {"rotation": [-0.5000000000000002, 0.8660254037844385, 0.0, -0.8660254037844385, -0.5000000000000002, 0.0, 0.0, 0.0, 1.0], "translation": [120.37753112603694, -69.50000000000006, -1523.8]}, "type": "PlaneSurface"}, "volume": 16}, {"extra": 2, "layer": 4, "sensitive": 53, "value": {"bounds": {"type": "TrapezoidBounds", "values": [10.5, 16.5, 34.0, 0.0]}, "geo_id": 1152921779484767490, "transform": {"rotation": [-0.34202014332566866, 0.9396926207859082, 0.0, -0.9396926207859082, -0.3420201433256687, 0.0, 0.0, 0.0, 1.0], "translation": [130.6172742892412, -47.54079992226806, -1522.6]}, "type": "PlaneSurface"}, "volume": 16}, {"extra": 2, "layer": 4, "sensitive": 54, "value": {"bounds": {"type": "TrapezoidBounds", "values": [10.5, 16.5, 34.0, 0.0]}, "geo_id": 1152921779484767746, "transform": {"rotation": [-0.1736481776669303, 0.984807753012208, 0.0, -0.984807753012208, -0.17364817766693025, 0.0, 0.0, 0.0, 1.0], "translation": [136.8882776686969, -24.137096695703324, -1523.8]}, "type": "PlaneSurface"}, "volume": 16}, {"extra": 2, "layer": 4, "sensitive": 55, "value": {"bounds": {"type": "TrapezoidBounds", "values": [10.5, 16.5, 34.0, 0.0]}, "geo_id": 1152921779484768002, "transform": {"rotation": [0.6427876096865393, 0.7660444431189779, 0.0, -0.766044443118978, 0.6427876096865393, 0.0, 0.0, 0.0, 1.0], "translation": [106.48017759353793, 89.34747774642895, -1522.6]}, "type": "PlaneSurface"}, "volume": 16}, {"extra": 2, "layer": 4, "sensitive": 56, "value": {"bounds": {"type": "TrapezoidBounds", "values": [10.5, 16.5, 34.0, 0.0]}, "geo_id": 1152921779484768258, "transform": {"rotation": [0.7660444431189781, 0.6427876096865396, 0.0, -0.6427876096865396, 0.7660444431189782, 0.0, 0.0, 0.0, 1.0], "translation": [89.34747774642898, 106.48017759353793, -1523.8]}, "type": "PlaneSurface"}, "volume": 16}, {"extra": 2, "layer": 4, "sensitive": 57, "value": {"bounds": {"type": "TrapezoidBounds", "values": [10.5, 16.5, 34.0, 0.0]}, "geo_id": 1152921779484768514, "transform": {"rotation": [0.8660254037844386, 0.5, 0.0, -0.5, 0.8660254037844386, 0.0, 0.0, 0.0, 1.0], "translation": [69.50000000000001, 120.37753112603697, -1522.6]}, "type": "PlaneSurface"}, "volume": 16}, {"extra": 2, "layer": 4, "sensitive": 58, "value": {"bounds": {"type": "TrapezoidBounds", "values": [10.5, 16.5, 34.0, 0.0]}, "geo_id": 1152921779484768770, "transform": {"rotation": [0.9396926207859081, 0.3420201433256687, 0.0, -0.3420201433256687, 0.9396926207859082, 0.0, 0.0, 0.0, 1.0], "translation": [47.540799922267965, 130.61727428924127, -1523.8]}, "type": "PlaneSurface"}, "volume": 16}, {"extra": 2, "layer": 4, "sensitive": 59, "value": {"bounds": {"type": "TrapezoidBounds", "values": [10.5, 16.5, 34.0, 0.0]}, "geo_id": 1152921779484769026, "transform": {"rotation": [0.9848077530122079, 0.17364817766693036, 0.0, -0.17364817766693033, 0.9848077530122079, 0.0, 0.0, 0.0, 1.0], "translation": [24.137096695703327, 136.8882776686969, -1522.6]}, "type": "PlaneSurface"}, "volume": 16}, {"extra": 2, "layer": 4, "sensitive": 60, "value": {"bounds": {"type": "TrapezoidBounds", "values": [10.5, 16.5, 34.0, 0.0]}, "geo_id": 1152921779484769282, "transform": {"rotation": null, "translation": [8.817456953860943e-15, 139.0, -1523.8]}, "type": "PlaneSurface"}, "volume": 16}]}